1757	-0.33	3.73	6.03	11.23	14.53	19.03	24.63	19.63	16.23	8.23	9.03	0.43	11
1758	1.63	3.93	7.93	10.03	18.53	20.33	17.93	20.83	15.43	9.83	5.63	3.13	11.3
1759	4.53	6.03	7.33	11.73	15.33	19.43	23.93	20.43	17.73	12.63	3.73	3.13	12.2
1760	0.23	3.63	6.63	12.33	16.03	20.03	21.63	19.73	18.73	11.83	7.53	1.43	11.6
1761	1.83	6.33	8.73	10.83	16.33	19.53	21.43	21.93	18.33	10.43	5.63	6.43	12.3
1762	4.93	4.03	4.03	13.83	17.33	19.93	23.33	19.63	16.83	9.83	5.83	2.63	11.8
1763	-2.43	7.73	6.43	10.63	13.03	18.93	20.03	21.73	15.33	10.33	6.73	-0.73	10.6
1764	6.73	5.93	5.03	10.03	12.93	19.43	21.33	18.63	15.13	9.63	6.13	3.43	11.2
1765	6.33	0.83	8.43	11.33	14.93	19.43	20.53	22.43	18.63	13.03	6.43	1.43	12
1766	-1.63	2.73	8.23	12.33	16.63	18.83	20.83	20.73	17.93	13.53	7.83	2.13	11.7
1767	-1.13	9.53	7.73	9.63	13.53	17.13	19.93	20.53	17.03	13.23	9.03	0.33	11.4
1768	2.03	7.53	5.83	12.33	16.23	18.03	20.93	20.13	16.43	12.73	7.73	4.23	12
1769	3.93	4.63	6.33	11.93	15.83	17.33	20.53	19.33	17.03	8.83	7.23	5.33	11.5
1770	3.53	3.43	4.83	8.43	15.43	17.63	19.03	20.83	19.13	11.33	7.93	6.33	11.5
1771	1.63	3.63	4.53	7.83	17.53	17.73	20.63	19.23	16.63	12.13	5.83	6.53	11.2
1772	1.23	6.13	7.63	9.83	13.23	20.93	20.13	20.23	18.03	14.43	8.33	4.33	12
1773	5.23	3.63	7.33	10.33	14.73	18.43	19.43	20.93	17.73	13.33	7.33	5.23	12
1774	3.53	5.33	9.73	11.63	14.63	19.63	20.33	20.63	16.53	12.13	5.13	4.23	12
1775	5.33	7.83	7.93	11.73	14.43	21.43	21.53	20.93	19.43	12.13	5.73	4.03	12.7
1776	-3.93	6.73	9.23	11.53	12.53	18.33	21.53	19.93	15.43	13.33	8.03	3.43	11.3
1777	0.73	2.23	8.23	8.33	12.63	15.63	17.83	19.73	16.53	11.53	7.13	0.63	10.1
1778	1.73	1.83	5.83	9.83	14.63	17.13	20.23	20.13	14.23	9.93	8.33	6.03	10.8
1779	-1.03	7.23	8.83	10.73	15.63	15.93	19.83	21.03	17.93	14.03	7.23	6.13	12
1780	-0.43	1.63	9.33	8.03	15.53	18.23	19.63	22.73	17.33	12.33	5.93	0.43	10.9
1781	2.63	5.63	8.73	13.03	17.03	18.63	20.23	20.53	16.73	10.83	6.43	5.83	12.2
1782	4.83	0.33	5.73	7.93	10.83	18.23	18.43	15.83	15.23	8.53	2.33	2.33	9.2
1783	5.53	5.53	4.73	11.63	13.43	16.63	21.43	18.33	15.03	11.03	6.83	-0.73	10.8
1784	-1.43	0.43	4.23	7.13	16.43	16.83	17.73	16.23	17.13	7.43	6.53	-0.13	9
1785	3.83	0.23	1.23	8.43	13.93	17.13	17.73	16.03	16.33	10.43	5.33	2.33	9.4
1786	4.43	3.23	2.63	10.53	13.63	18.33	16.53	17.23	13.83	8.23	3.23	3.33	9.6
1787	1.33	5.53	8.13	9.13	12.13	18.43	19.13	19.83	16.83	12.93	6.03	5.73	11.3
1788	4.13	5.73	6.63	11.63	16.13	17.73	18.83	18.13	16.43	10.43	2.83	-6.84	10.1
1789	1.53	5.63	1.83	9.13	16.23	15.33	17.83	19.23	14.73	9.93	4.73	4.83	10.1
1790	3.53	5.93	8.03	8.53	14.33	17.73	17.03	18.23	13.93	12.23	6.43	4.93	10.9
1791	5.53	4.13	6.13	12.73	12.33	17.03	18.03	19.73	15.63	9.93	4.93	3.43	10.8
1792	4.03	3.03	7.43	12.33	13.03	15.93	18.73	18.43	12.93	10.73	4.63	3.63	10.4
1793	0.63	4.73	5.73	7.53	11.23	14.53	20.03	17.93	13.03	11.23	6.03	3.83	9.7
1794	0.63	6.83	8.73	12.53	12.93	18.03	22.63	16.43	14.03	10.23	7.43	0.73	10.9
1795	-6.33	3.23	5.43	10.83	13.23	15.93	15.53	18.43	18.53	14.43	5.83	7.43	10.2
1796	7.83	4.03	4.43	10.83	13.13	15.53	17.43	18.33	17.43	10.13	5.53	1.13	10.5
1797	3.73	3.83	5.83	10.83	14.73	13.83	20.03	18.83	15.13	10.33	7.43	6.43	10.9
1798	3.73	4.83	6.03	11.63	14.23	18.53	18.73	19.43	16.03	12.33	6.43	0.13	11
1799	-2.13	5.03	4.63	7.03	11.93	15.23	18.13	18.33	15.63	10.53	6.53	-1.43	9.1
1800	5.03	3.33	4.33	12.73	15.43	14.53	18.53	20.13	16.53	10.63	7.03	4.83	11.1
1801	4.73	3.83	9.03	10.33	13.33	16.13	17.53	18.53	16.93	12.13	6.53	4.33	11.1
1802	-1.43	4.43	6.33	10.53	14.13	16.73	16.53	21.93	16.93	12.23	6.43	4.43	10.8
1803	0.93	0.73	6.23	11.33	11.63	16.33	20.33	19.63	14.03	10.63	7.23	5.93	10.4
1804	6.63	2.33	6.33	9.53	16.43	18.73	18.43	18.53	18.23	11.73	7.33	1.23	11.3
1805	1.73	4.43	6.73	9.03	12.33	15.13	17.43	18.03	16.53	9.63	3.63	2.53	9.8
1806	6.03	6.03	7.03	8.03	17.13	18.03	19.33	18.03	16.23	10.93	8.93	8.63	12
1807	2.33	5.93	3.73	9.23	16.23	16.63	21.83	21.43	12.93	12.83	5.83	1.53	10.9
1808	2.53	2.63	3.93	8.03	17.53	16.33	21.63	19.33	14.63	9.03	7.53	1.33	10.4
1809	5.03	7.93	7.23	6.53	15.23	15.43	17.33	17.93	15.03	9.73	5.03	5.33	10.6
1810	-1.53	2.93	8.13	9.43	13.73	17.03	17.73	17.63	17.63	11.53	7.83	5.33	10.6
1811	-0.33	6.93	9.03	11.93	17.13	17.43	19.23	17.73	16.83	14.63	8.63	4.53	12
1812	1.53	6.23	5.73	7.43	15.63	16.13	17.73	18.03	15.43	11.93	4.43	-1.03	9.9
1813	0.33	6.03	6.43	10.63	15.23	15.63	17.13	16.83	13.93	11.63	6.13	3.13	10.3
1814	-0.23	0.13	3.83	11.53	12.33	15.63	19.33	17.43	15.33	9.73	6.13	6.23	9.8
1815	-0.63	7.33	9.63	10.33	14.83	16.03	17.63	17.93	15.53	12.23	3.43	1.83	10.5
1816	2.63	2.03	5.63	9.93	12.73	14.83	15.63	15.53	14.13	11.63	4.13	3.73	9.4
1817	5.03	6.93	6.33	7.33	12.43	17.83	17.13	16.43	16.93	7.33	9.63	2.63	10.5
1818	4.33	3.93	6.53	11.43	13.73	19.23	20.13	18.23	15.73	11.73	9.13	2.13	11.4
1819	4.93	5.53	6.93	11.63	14.63	16.03	19.13	19.23	16.43	11.13	4.83	3.33	11.1
1820	-0.73	2.93	4.03	11.63	14.13	15.63	18.33	18.73	14.23	10.13	5.13	3.33	9.8
1821	3.13	1.03	7.33	11.63	12.13	14.53	17.03	20.13	16.73	11.13	10.23	7.53	11
1822	4.43	6.13	9.93	11.13	16.73	21.23	18.93	18.93	15.93	13.23	9.03	-0.53	12.1
1823	-0.33	5.33	6.53	9.23	15.23	15.03	17.13	19.13	15.73	10.63	5.73	5.63	10.4
1824	2.73	5.13	5.83	9.03	12.63	16.53	18.73	18.43	16.53	11.93	9.63	7.13	11.2
1825	3.53	4.33	5.63	11.93	14.23	17.03	20.33	19.43	17.93	12.23	7.33	6.43	11.7
1826	-1.73	6.43	7.43	10.23	12.63	18.83	20.73	21.23	17.13	13.43	5.43	5.83	11.5
1827	-0.23	-0.93	8.03	11.43	14.63	17.03	19.83	18.23	16.23	13.13	5.83	6.93	10.8
1828	5.93	5.23	7.03	10.83	15.13	17.53	19.13	17.63	16.63	10.83	7.43	4.53	11.5
1829	-2.13	2.73	5.73	9.83	14.93	17.23	18.63	17.03	13.73	10.03	4.73	-3.53	9.1
1830	-2.53	1.23	8.93	12.03	14.63	16.13	18.93	17.03	13.83	10.63	7.93	2.63	10.1
1831	1.93	6.03	9.13	11.53	14.23	16.93	19.73	18.73	15.43	14.73	6.63	5.53	11.7
1832	1.53	3.43	5.63	10.73	13.23	17.33	19.53	20.83	15.53	11.33	6.73	4.33	10.8
1833	-0.33	7.13	4.23	9.63	17.73	18.43	18.33	16.53	13.73	12.33	6.03	7.93	11
1834	7.13	3.83	7.53	8.73	16.23	18.73	20.43	19.53	17.63	11.93	7.13	4.03	11.9
1835	3.63	6.33	6.53	9.43	13.83	17.33	21.13	19.33	16.13	10.13	5.43	0.13	10.8
1836	2.63	2.93	8.83	8.63	12.43	18.43	19.43	18.93	14.13	11.23	7.63	4.13	10.8
1837	2.43	5.43	2.63	5.73	11.03	18.53	18.33	20.13	14.63	11.33	6.03	4.43	10.1
1838	-4.63	2.13	7.03	6.73	14.23	16.23	18.33	18.03	15.53	11.23	7.73	1.83	9.5
1839	2.83	5.13	5.93	7.73	13.63	19.13	18.63	17.43	15.73	10.63	8.23	5.73	10.9
1840	3.43	3.63	3.43	12.73	15.13	18.33	17.33	19.83	14.83	9.53	8.03	-2.73	10.3
1841	2.13	2.13	8.73	10.03	16.93	15.03	16.13	17.43	18.13	11.03	6.43	5.13	10.8
1842	-1.83	4.23	7.93	9.83	14.23	19.93	18.83	22.03	15.13	8.13	5.03	3.73	10.6
1843	4.13	3.33	7.63	10.13	13.63	15.43	17.63	18.93	17.43	11.03	7.03	4.03	10.9
1844	2.53	2.23	6.53	12.33	12.43	17.23	16.83	15.13	15.63	10.43	6.73	-1.03	9.8
1845	2.03	0.23	1.13	10.83	10.63	17.33	16.63	15.53	14.83	10.13	7.83	5.23	9.4
1846	4.83	6.23	7.33	9.73	13.53	20.53	20.33	19.63	17.33	11.43	5.73	-0.83	11.3
1847	2.13	2.73	5.33	7.83	15.33	15.33	20.13	18.43	13.83	11.93	8.03	3.63	10.4
1848	-1.43	6.53	7.43	11.13	15.83	17.53	19.03	17.83	14.83	11.33	6.23	5.43	11
1849	4.93	6.13	5.83	8.33	15.13	17.93	17.83	17.93	15.73	11.73	5.93	3.63	10.9
1850	-0.43	7.13	4.43	11.03	12.73	17.93	18.63	17.23	13.83	8.53	8.43	3.43	10.2
1851	4.23	3.13	6.23	9.53	10.93	16.63	16.83	18.03	12.33	10.33	2.73	1.83	9.4
1852	4.13	3.53	5.03	8.53	14.03	15.73	21.53	17.73	14.03	8.93	9.93	7.13	10.9
1853	5.43	0.23	2.93	8.53	12.73	15.83	17.53	17.13	13.83	11.13	4.73	-1.83	9
1854	3.43	3.13	7.23	11.53	12.13	14.33	18.33	16.83	15.33	11.33	4.63	4.73	10.2
1855	-0.43	-0.43	4.63	8.73	11.03	15.33	17.83	18.23	14.73	11.03	3.53	1.03	8.8
1856	4.63	5.13	4.93	10.13	11.13	17.03	17.53	19.73	12.93	10.93	4.03	3.83	10.2
1857	1.83	2.93	5.73	9.03	14.53	17.73	19.53	19.13	16.13	11.53	7.43	4.33	10.8
1858	-0.13	1.73	5.33	10.83	11.73	20.13	16.53	17.13	16.43	10.43	2.63	3.93	9.7
1859	3.13	4.93	8.03	10.33	13.63	17.63	22.03	19.43	14.53	11.73	5.23	0.83	11
1860	4.33	0.83	4.43	7.43	14.03	15.13	15.83	15.33	13.13	10.03	4.43	2.43	8.9
1861	-1.73	4.73	7.23	9.03	12.73	18.13	17.53	19.13	14.83	12.23	5.63	3.33	10.2
1862	2.43	4.73	8.83	11.53	15.23	15.33	17.63	16.33	15.23	11.63	4.63	5.43	10.7
1863	4.53	4.23	6.43	10.63	13.33	16.33	17.73	19.03	12.73	11.03	6.53	5.13	10.6
1864	0.63	1.73	7.43	10.43	13.93	15.33	18.23	16.13	14.43	9.43	4.43	-0.13	9.3
1865	2.43	1.73	2.03	14.63	16.03	16.83	19.03	17.03	18.53	11.53	7.03	1.63	10.7
1866	5.13	5.63	5.23	11.13	11.23	18.03	17.93	15.83	14.33	10.33	6.93	4.83	10.5
1867	1.53	7.23	4.83	10.43	14.13	15.53	16.73	18.13	14.73	8.93	4.63	0.93	9.8
1868	0.43	4.93	6.43	10.03	17.43	18.03	20.63	17.93	16.73	9.53	4.23	8.13	11.2
1869	2.83	7.33	2.93	12.23	13.53	14.03	19.53	16.53	15.53	9.23	6.83	2.43	10.2
1870	3.03	0.53	4.33	10.63	14.13	17.53	20.43	16.63	13.53	10.33	5.43	-1.43	9.6
1871	-1.63	5.63	7.43	10.83	12.43	13.83	18.23	19.23	15.53	8.73	2.43	-0.73	9.3
1872	3.73	6.63	7.93	9.83	11.53	16.53	19.73	16.83	15.23	9.63	8.23	6.13	11
1873	4.73	1.83	7.93	8.73	11.53	16.53	19.13	18.13	13.73	10.03	6.83	2.63	10.1
1874	4.23	3.73	6.63	11.33	11.33	17.13	20.53	16.93	15.63	10.83	5.43	0.33	10.3
1875	5.23	1.23	5.33	10.03	14.83	16.73	16.83	18.73	16.33	9.33	6.13	1.93	10.2
1876	-0.33	4.23	6.63	10.03	11.33	16.23	20.03	19.23	13.93	12.33	6.63	7.13	10.6
1877	6.23	6.53	5.43	9.73	11.03	18.93	17.53	17.83	11.93	9.23	8.03	3.23	10.5
1878	2.33	4.83	6.23	10.93	14.03	16.53	18.03	17.83	14.23	10.63	4.73	0.93	10.1
1879	0.03	4.23	6.63	7.83	10.03	15.83	15.63	18.13	14.73	9.73	3.43	-7.94	8.2
1880	-1.23	4.83	9.83	9.73	13.53	15.53	18.43	18.53	15.93	9.33	5.53	7.43	10.6
1881	-1.33	4.53	7.73	9.43	13.33	15.93	20.13	16.63	13.73	7.23	8.43	2.23	9.8
1882	2.03	3.83	8.13	10.03	13.23	15.03	16.93	16.43	13.43	10.93	7.53	4.63	10.2
1883	4.03	5.03	2.73	9.33	13.83	16.33	16.63	17.73	14.53	9.33	6.33	4.23	10
1884	5.63	5.43	7.23	8.13	14.13	14.53	19.33	19.63	15.53	9.13	4.03	4.23	10.6
1885	-0.23	7.13	5.23	10.13	11.23	18.13	18.53	16.23	14.13	8.63	6.23	2.23	9.8
1886	2.23	1.23	5.33	10.53	14.23	15.23	18.33	18.03	16.83	12.43	6.93	3.03	10.4
1887	-0.23	2.23	3.43	8.23	11.43	17.33	19.43	17.33	12.73	6.73	5.03	2.33	8.8
1888	0.93	-0.13	3.83	7.53	13.33	16.43	15.73	16.43	14.63	7.63	8.13	3.23	9
1889	1.13	2.43	4.53	8.63	14.73	18.53	17.83	16.83	13.73	9.53	5.93	0.33	9.5
1890	5.83	1.93	6.53	8.83	14.03	15.53	16.33	16.73	15.03	8.83	6.03	-3.33	9.4
1891	-0.83	2.53	5.73	8.23	12.03	16.53	16.83	16.13	15.43	11.63	4.83	4.83	9.5
1892	2.03	4.23	3.83	10.33	15.03	17.03	17.83	18.93	14.93	8.93	8.43	0.83	10.2
1893	-1.33	5.93	8.83	13.93	14.13	17.63	18.83	19.33	14.83	10.93	4.73	2.63	10.9
1894	2.53	5.03	7.73	12.23	11.93	16.33	18.43	17.03	13.53	10.13	6.83	3.73	10.5
1895	-0.23	4.53	4.83	10.63	14.13	16.53	17.83	17.73	18.73	8.73	8.93	5.33	10.6
1896	2.53	2.83	8.63	9.33	13.13	17.43	18.93	15.83	14.63	8.73	2.73	3.73	9.9
1897	2.23	7.03	8.73	9.53	12.23	18.33	18.53	17.93	13.73	9.93	5.63	3.43	10.6
1898	3.63	4.43	4.33	10.53	12.03	15.13	17.13	20.23	16.23	12.33	7.43	5.03	10.7
1899	6.03	5.73	5.53	9.53	12.53	17.33	19.63	20.83	15.63	9.93	7.43	0.13	10.9
1900	4.95	5.22	4.41	10.31	13.1	18.08	22.16	18.47	16.5	11.48	7.66	6.24	11.55
1901	2.71	0.05	4.68	10.92	14.89	17.87	20.54	19.11	15.81	10.62	4.6	3.89	10.47
1902	4.51	2.64	8.45	11.09	10.98	16.14	18.76	17.63	15.06	10.02	5.96	2.73	10.33
1903	3.71	6.23	8.17	7.6	14.2	15.63	18.29	17.55	16.27	12.39	6.99	1.69	10.73
1904	1.94	4.38	5.66	11.14	14.68	16.91	21.76	18.95	13.83	11.36	4.94	5.11	10.89
1905	2.05	4.85	8.27	9.58	13.0	17.95	20.66	18.14	14.86	7.62	5.05	3.52	10.46
1906	4.97	3.48	6.05	9.68	14.06	16.43	19.39	19.47	16.01	13.47	8.13	1.68	11.07
1907	3.13	2.09	7.67	9.48	13.96	15.65	17.07	18.6	16.89	11.66	7.64	4.86	10.73
1908	0.32	5.11	4.94	8.61	15.59	18.74	19.13	17.36	15.29	12.35	5.67	2.28	10.45
1909	1.98	2.26	4.86	12.17	14.17	15.33	16.47	18.91	14.62	12.35	4.47	4.4	10.17
1910	4.08	5.35	6.9	9.22	13.2	17.22	17.08	17.94	15.15	12.37	5.55	6.46	10.88
1911	1.26	4.78	7.07	9.2	15.54	17.12	21.85	22.89	18.21	11.28	6.28	6.45	11.83
1912	4.52	6.81	9.05	10.77	15.34	16.96	19.39	15.51	12.16	9.98	5.84	5.52	10.99
1913	5.63	4.69	8.35	10.23	14.21	16.41	16.95	18.11	16.03	12.41	9.34	3.64	11.33
1914	0.05	6.43	8.15	12.8	13.49	16.36	18.31	19.51	15.92	10.43	5.8	5.94	11.1
1915	3.97	4.49	5.87	9.69	15.67	18.77	17.85	18.52	15.36	9.38	3.85	7.64	10.92
1916	6.96	4.28	6.03	10.45	15.33	14.5	17.99	19.23	15.24	11.34	6.53	3.7	10.96
1917	0.46	-0.11	4.43	6.85	17.18	19.54	18.91	17.43	16.72	9.21	8.14	0.35	9.93
1918	3.01	5.44	7.12	8.81	15.85	16.18	19.16	19.23	15.59	9.87	5.98	7.4	11.14
1919	2.89	2.67	6.41	8.13	16.05	17.57	15.91	19.92	16.48	8.28	4.09	5.92	10.36
1920	5.14	6.69	9.04	10.83	15.12	17.13	18.0	16.52	15.59	11.77	4.5	3.46	11.15
1921	6.95	4.65	7.96	10.53	14.76	17.81	22.23	18.76	17.25	15.13	3.13	4.72	11.99
1922	4.32	4.82	6.83	8.33	16.24	17.63	17.12	17.27	14.1	8.28	5.33	4.8	10.42
1923	4.85	6.64	8.47	10.13	12.94	14.44	20.92	18.96	15.92	12.06	4.42	3.82	11.13
1924	4.2	2.4	6.84	9.76	15.62	16.85	18.27	16.38	15.11	11.95	7.11	3.7	10.68
1925	5.01	5.69	4.57	10.06	14.27	17.55	19.07	17.84	13.32	11.79	4.35	3.76	10.61
1926	4.07	8.54	7.37	11.06	12.9	15.28	19.42	19.07	17.74	10.94	7.93	2.6	11.41
1927	4.69	4.66	8.55	10.73	15.08	15.81	18.59	18.24	15.2	11.55	5.83	1.62	10.88
1928	5.42	7.01	7.76	10.72	13.18	17.06	20.82	19.23	16.15	11.53	8.64	4.36	11.82
1929	0.11	-1.16	7.85	8.25	14.67	16.93	20.4	19.33	19.67	11.61	7.14	6.73	10.96
1930	6.51	3.43	7.72	11.17	13.4	19.22	17.99	18.91	15.97	12.39	8.48	4.39	11.63
1931	4.32	3.98	6.2	9.6	14.84	18.75	18.17	17.53	13.12	10.54	8.16	3.88	10.76
1932	5.22	2.12	6.2	8.98	13.09	17.53	18.63	22.07	17.3	11.0	7.24	5.3	11.22
1933	1.98	4.59	9.14	11.48	14.88	17.22	20.75	21.14	17.49	12.23	5.45	-1.42	11.24
1934	3.76	3.24	6.51	12.06	15.03	18.58	21.38	18.33	18.09	12.6	6.44	8.1	12.01
1935	3.55	5.64	6.84	10.41	13.05	18.64	20.73	19.09	16.36	11.03	7.52	3.99	11.4
1936	6.43	4.39	8.65	8.57	15.25	18.09	17.8	19.09	16.74	10.06	6.92	3.87	11.32
1937	5.89	7.45	6.05	11.33	16.13	17.81	19.25	20.34	16.25	12.35	6.2	3.23	11.86
1938	5.65	4.81	10.51	8.71	12.8	18.6	18.53	19.53	16.65	11.51	9.98	2.57	11.66
1939	5.94	5.53	6.43	11.67	13.16	18.39	18.03	18.95	16.01	10.08	9.49	2.89	11.38
1940	-1.97	4.56	7.79	10.92	15.51	19.18	17.97	18.04	16.05	10.68	8.0	1.59	10.69
1941	0.12	4.38	8.31	9.07	11.4	18.62	20.56	17.1	16.72	11.74	6.6	4.65	10.77
1942	-0.87	-1.7	8.65	12.61	14.38	17.61	18.72	19.77	16.76	13.09	5.78	5.12	10.83
1943	5.67	5.57	9.2	13.36	15.59	17.2	20.78	19.17	15.71	12.35	5.91	2.88	11.95
1944	5.63	2.09	5.55	12.55	14.57	16.31	19.39	21.81	15.18	10.42	7.53	3.75	11.23
1945	-1.56	8.2	9.32	13.28	16.62	19.01	20.82	19.16	17.22	13.17	6.44	5.01	12.22
1946	0.92	6.85	7.11	12.54	14.42	16.32	19.97	17.82	16.96	11.24	7.64	1.54	11.11
1947	0.89	0.25	7.66	12.78	16.67	19.33	22.14	22.68	19.02	12.56	8.38	5.29	12.31
1948	6.74	4.42	10.74	11.52	15.45	16.84	18.25	18.14	15.82	11.3	6.82	4.6	11.72
1949	5.48	6.04	6.54	13.4	13.08	17.14	21.5	19.85	19.62	13.63	6.55	5.09	12.33
1950	2.91	7.58	8.73	9.7	15.35	20.01	20.48	18.94	14.91	11.28	7.89	0.85	11.55
1951	5.71	5.13	6.59	9.88	12.89	16.7	19.34	17.6	16.97	11.0	9.51	4.75	11.34
1952	3.6	3.43	8.58	12.95	16.18	18.43	20.84	19.35	12.93	10.87	5.17	3.62	11.33
1953	1.0	3.98	9.17	11.33	16.12	16.57	18.63	19.77	16.85	12.77	6.41	7.4	11.67
1954	1.81	2.21	8.71	9.55	14.07	16.75	17.1	17.75	15.63	13.49	8.16	6.8	11.0
1955	4.25	3.95	4.83	11.51	13.0	17.23	20.08	19.81	16.21	10.54	7.26	6.74	11.28
1956	4.45	-3.48	8.11	9.04	15.46	14.73	18.52	16.38	17.55	11.24	5.89	6.47	10.36
1957	3.55	7.74	11.06	10.64	12.11	18.62	19.7	17.9	15.4	12.06	7.23	4.01	11.67
1958	4.63	6.66	5.36	8.92	15.06	16.62	19.02	19.08	18.07	12.2	6.67	5.84	11.51
1959	3.7	4.76	9.57	11.73	15.67	18.81	21.94	20.01	19.09	13.75	7.43	6.55	12.75
1960	4.5	5.52	9.39	11.01	16.15	18.5	17.42	18.0	15.19	11.94	9.32	3.97	11.74
1961	3.98	9.09	10.18	13.65	13.55	17.83	18.55	19.19	19.83	12.74	6.85	4.86	12.52
1962	5.75	4.88	4.56	10.16	12.53	16.82	18.09	18.56	15.76	12.59	6.0	1.79	10.62
1963	-1.61	-0.49	7.61	10.87	13.14	17.24	19.65	16.9	15.92	12.14	10.27	1.23	10.24
1964	1.72	6.65	5.97	10.85	16.45	17.75	20.43	19.47	17.92	10.26	7.91	3.46	11.57
1965	4.33	2.73	8.11	10.42	14.21	17.54	17.03	18.02	14.52	12.83	6.57	6.8	11.09
1966	2.29	9.0	7.75	12.13	14.08	19.0	17.92	17.96	17.05	13.13	5.95	6.66	11.91
1967	4.57	7.06	8.99	9.89	13.69	16.68	21.24	18.83	16.23	13.81	7.08	4.19	11.85
1968	4.51	4.42	8.22	11.22	12.57	17.11	18.53	18.45	16.2	14.19	6.43	2.46	11.19
1969	6.11	3.25	7.62	10.88	14.72	16.58	20.6	19.06	17.34	14.43	7.87	1.62	11.67
1970	4.9	5.23	5.12	8.76	14.97	19.32	18.56	19.35	17.86	12.52	9.37	3.44	11.62
1971	4.24	5.66	5.16	12.13	16.2	16.0	20.78	19.07	16.97	12.99	6.55	5.31	11.76
1972	3.65	6.36	10.08	10.27	13.14	15.09	19.22	17.91	14.15	11.81	7.92	5.31	11.24
1973	3.92	4.43	7.8	9.3	14.54	18.54	18.93	21.51	17.99	11.77	7.34	4.8	11.74
1974	7.52	6.29	8.33	11.51	13.72	17.25	18.48	19.66	15.16	8.9	8.54	8.5	11.99
1975	7.67	6.94	6.14	10.45	12.85	17.06	20.24	21.84	16.94	10.55	7.4	3.58	11.81
1976	5.57	5.55	6.9	10.51	16.07	21.66	22.34	20.9	15.75	13.36	7.67	3.32	12.47
1977	4.6	7.5	9.83	9.46	13.65	15.66	18.77	17.88	15.29	13.97	8.01	6.74	11.78
1978	3.77	3.68	8.51	9.1	13.94	16.05	17.88	17.45	16.38	13.17	7.04	5.79	11.06
1979	-0.16	3.75	7.22	9.75	13.69	17.37	19.1	17.81	16.56	13.16	7.74	6.82	11.07
1980	2.35	7.35	7.14	10.14	13.81	16.31	17.3	19.88	17.8	11.47	6.11	4.34	11.17
1981	5.17	4.12	10.74	11.1	14.01	16.5	18.69	19.67	17.02	11.41	8.3	4.58	11.78
1982	4.54	6.12	7.93	10.49	15.02	19.24	21.16	18.73	18.83	11.87	9.14	5.55	12.38
1983	6.96	3.28	8.4	10.15	12.73	18.91	23.5	20.82	16.65	12.67	8.28	5.38	12.31
1984	5.28	4.69	6.53	11.15	11.77	17.54	19.96	19.59	15.32	12.82	10.63	5.73	11.75
1985	-0.28	3.95	6.44	11.37	14.63	16.4	20.24	18.13	18.25	12.51	4.91	6.66	11.1
1986	4.79	-1.11	6.95	8.06	14.93	19.4	19.51	18.19	14.2	14.34	9.18	6.42	11.24
1987	-1.14	4.14	5.48	13.43	12.63	16.13	19.33	19.41	18.58	13.08	7.68	5.23	11.16
1988	7.75	6.01	7.85	11.72	15.58	17.42	18.21	19.66	16.15	13.31	7.2	8.2	12.42
1989	5.22	6.76	10.89	9.36	17.48	17.92	21.21	20.42	17.78	14.64	7.66	5.87	12.93
1990	6.14	9.99	10.29	10.47	17.37	16.69	20.59	22.24	16.05	14.35	8.24	4.75	13.1
1991	5.04	2.41	10.65	10.81	12.87	15.35	20.38	21.58	18.61	11.94	7.3	4.58	11.79
1992	4.04	6.29	9.32	10.86	17.03	17.73	20.76	21.08	16.05	10.1	9.71	5.45	12.37
1993	7.36	3.94	8.65	12.8	15.71	18.62	18.72	18.9	15.22	10.59	4.61	7.38	11.88
1994	6.66	5.84	10.5	10.36	15.1	18.18	23.05	20.14	15.52	12.56	11.89	7.32	13.09
1995	5.99	8.76	7.86	10.75	15.31	17.18	22.65	22.23	15.58	15.62	8.49	3.95	12.86
1996	4.62	3.46	7.37	11.79	12.73	19.06	19.66	19.69	15.08	12.68	7.52	2.99	11.39
1997	1.35	8.0	11.04	11.29	15.22	17.78	19.7	23.92	18.0	12.69	9.22	6.63	12.9
1998	5.78	7.2	9.47	10.53	17.15	18.51	18.65	20.54	16.86	12.32	5.88	5.98	12.41
1999	6.86	5.68	9.69	12.21	17.2	17.75	21.76	20.75	19.06	12.59	7.04	6.06	13.05
2000	4.98	7.65	9.21	11.42	16.69	18.8	18.26	21.0	17.55	12.67	8.89	7.79	12.91
2001	5.85	6.53	9.64	10.08	16.76	18.34	20.61	21.14	14.64	15.82	7.53	4.23	12.6
2002	6.19	8.53	10.14	12.25	14.59	19.06	19.54	19.95	16.36	12.98	9.68	7.28	13.04
2003	3.55	4.56	11.17	12.68	15.69	21.81	21.58	24.44	17.44	10.46	9.31	5.95	13.22
2004	5.58	6.51	8.08	12.04	14.56	18.81	19.73	20.82	18.13	13.07	8.49	4.27	12.51
2005	5.97	4.13	8.68	12.31	15.65	20.37	21.03	19.51	18.55	16.1	7.29	4.77	12.86
2006	3.83	4.28	6.97	11.81	15.88	19.88	24.83	18.16	19.95	15.52	9.87	6.11	13.09
2007	8.33	9.07	8.92	16.29	16.51	19.11	19.31	18.53	16.01	12.36	8.23	5.16	13.15
2008	7.21	7.61	8.14	11.07	17.88	18.74	20.62	19.61	15.62	12.03	8.46	4.18	12.6
2009	2.31	5.01	8.63	13.64	16.01	18.43